pixel_auc: 0.9884635069581718
img_auc: 0.978859194256083