pixel_auc: 0.9886832409227944
img_auc: 0.9848424411647388