pixel_auc: 0.9888550176947855
img_auc: 0.9844435580374951