pixel_auc: 0.9889704130948922
img_auc: 0.9848424411647387