pixel_auc: 0.988997097943635
img_auc: 0.987235739928201