pixel_auc: 0.988901313447193
img_auc: 0.9924212205823694