pixel_auc: 0.9885235419833707
img_auc: 0.9844435580374951