pixel_auc: 0.9891706241364651
img_auc: 0.9796569605105705