pixel_auc: 0.9884430075619337
img_auc: 0.9824491424012765