pixel_auc: 0.9885777707236884
img_auc: 0.9840446749102514