pixel_auc: 0.9890113207082292
img_auc: 0.9804547267650578