pixel_auc: 0.9889230995098806
img_auc: 0.9904268049461508