pixel_auc: 0.9888254157718855
img_auc: 0.9880335061826885