pixel_auc: 0.9888097233807784
img_auc: 0.988831272437176