pixel_auc: 0.9889485272844117
img_auc: 0.9880335061826885