pixel_auc: 0.9889425033868241
img_auc: 0.9868368568009573