pixel_auc: 0.9885658131502163
img_auc: 0.9820502592740328