pixel_auc: 0.9888807586420567
img_auc: 0.9840446749102513