pixel_auc: 0.988804280777293
img_auc: 0.981651376146789