pixel_auc: 0.9885883636390067
img_auc: 0.9700837654567211