pixel_auc: 0.9883638011098338
img_auc: 0.9808536098923016