pixel_auc: 0.9884253203327317
img_auc: 0.9780614280015955