pixel_auc: 0.9886928159466256
img_auc: 0.9744714798564021