pixel_auc: 0.9889639133909109
img_auc: 0.9812524930195452