pixel_auc: 0.9886323756698144
img_auc: 0.9812524930195453