pixel_auc: 0.9886711406452064
img_auc: 0.9836457917830077