pixel_auc: 0.9886788528242418
img_auc: 0.9728759473474273