pixel_auc: 0.9891013400318964
img_auc: 0.9864379736737136