pixel_auc: 0.9889652516989245
img_auc: 0.9768647786198643