pixel_auc: 0.9889099832474373
img_auc: 0.9740725967291585