pixel_auc: 0.9888962607268578
img_auc: 0.9896290386916633