pixel_auc: 0.98905592787653
img_auc: 0.988831272437176