pixel_auc: 0.9883935985101444
img_auc: 0.9868368568009575