pixel_auc: 0.9888755025104161
img_auc: 0.9752692461108895