pixel_auc: 0.9889134253388625
img_auc: 0.9644994016753092