pixel_auc: 0.9889020607195028
img_auc: 0.9792580773833267