pixel_auc: 0.9886581298893132
img_auc: 0.9824491424012765