pixel_auc: 0.9888625386925134
img_auc: 0.9924212205823694