pixel_auc: 0.9888242182484016
img_auc: 0.9836457917830077