pixel_auc: 0.9888790015817384
img_auc: 0.9828480255285202