pixel_auc: 0.9887187886432323
img_auc: 0.9892301555644196