pixel_auc: 0.9888767223470222
img_auc: 0.9852413242919824