pixel_auc: 0.988519400102883
img_auc: 0.974471479856402