pixel_auc: 0.988981576401537
img_auc: 0.9876346230554448