pixel_auc: 0.9882292334419767
img_auc: 0.9784603111288394