pixel_auc: 0.9886586279193268
img_auc: 0.9812524930195453