pixel_auc: 0.9886425837882958
img_auc: 0.9884323893099322