pixel_auc: 0.9850502624826954
img_auc: 0.9405664140406861