pixel_auc: 0.9848795635568566
img_auc: 0.8899082568807339