pixel_auc: 0.9859551879289675
img_auc: 0.911049062624651