pixel_auc: 0.9862578697205349
img_auc: 0.9297965696051057