pixel_auc: 0.9849941961183455
img_auc: 0.9214200239329877