pixel_auc: 0.9834938503222685
img_auc: 0.8739529317909853