pixel_auc: 0.9845420041250873
img_auc: 0.9106501794974073