pixel_auc: 0.985603908462659
img_auc: 0.9126445951336257