pixel_auc: 0.9863316544702565
img_auc: 0.944954128440367