pixel_auc: 0.9865167569138181
img_auc: 0.9613083366573594