pixel_auc: 0.9854704118011056
img_auc: 0.9465496609493419