pixel_auc: 0.986033569195957
img_auc: 0.9325887514958118