pixel_auc: 0.9862962267922241
img_auc: 0.9589150378938971