pixel_auc: 0.9855126673180287
img_auc: 0.9409652971679299