pixel_auc: 0.9858607111355137
img_auc: 0.9441563621858796