pixel_auc: 0.9856928701335085
img_auc: 0.9473474272038293