pixel_auc: 0.9853799681960196
img_auc: 0.9489429597128042