pixel_auc: 0.9850855368706274
img_auc: 0.9266055045871561