pixel_auc: 0.9842267678454655
img_auc: 0.9010769844435581