pixel_auc: 0.9868880940066971
img_auc: 0.939369764658955