pixel_auc: 0.9852107427653066
img_auc: 0.9106501794974073