pixel_auc: 0.9849415865367285
img_auc: 0.9118468288791384