pixel_auc: 0.9850747657211943
img_auc: 0.9329876346230555