pixel_auc: 0.9855405185929679
img_auc: 0.9357798165137614