pixel_auc: 0.9853309748534622
img_auc: 0.8879138412445154