pixel_auc: 0.9859364550932305
img_auc: 0.9058635819704827