pixel_auc: 0.9861712830729014
img_auc: 0.9222177901874752