pixel_auc: 0.9860538030428432
img_auc: 0.9393697646589549