pixel_auc: 0.9840150733574715
img_auc: 0.9106501794974072