pixel_auc: 0.9837015531685582
img_auc: 0.8595931392102114