pixel_auc: 0.9858047434614184
img_auc: 0.9389708815317112