pixel_auc: 0.9848522126601852
img_auc: 0.9138412445153571