pixel_auc: 0.9846235070057375
img_auc: 0.89270043877144