pixel_auc: 0.9853725410530748
img_auc: 0.9313921021140805