pixel_auc: 0.9848423261983061
img_auc: 0.8835261268448344