pixel_auc: 0.9859358157134098
img_auc: 0.9238133226964499