pixel_auc: 0.984559342405419
img_auc: 0.8859194256082968