pixel_auc: 0.9849573438746008
img_auc: 0.9409652971679298