pixel_auc: 0.9854913921277364
img_auc: 0.9525329078579976