pixel_auc: 0.9853908502939689
img_auc: 0.8934982050259275