pixel_auc: 0.9847923918536762
img_auc: 0.9457518946948545