pixel_auc: 0.9857511063809646
img_auc: 0.9305943358595933