pixel_auc: 0.9849400243343713
img_auc: 0.9070602313522138