pixel_auc: 0.9847214922517519
img_auc: 0.9154367770243319