pixel_auc: 0.9857939678474769
img_auc: 0.9361786996410052