pixel_auc: 0.9849443007648571
img_auc: 0.933785400877543