pixel_auc: 0.9852562055070538
img_auc: 0.9018747506980455