pixel_auc: 0.9860328151485703
img_auc: 0.912245712006382