pixel_auc: 0.9862338832627504
img_auc: 0.9345831671320303