pixel_auc: 0.9851003835464792
img_auc: 0.9337854008775429