pixel_auc: 0.9855902275334945
img_auc: 0.943358595931392