pixel_auc: 0.9852505830961001
img_auc: 0.8930993218986837