pixel_auc: 0.9885615894953805
img_auc: 0.9792580773833267