pixel_auc: 0.9889107962272803
img_auc: 0.988831272437176