pixel_auc: 0.988545965587552
img_auc: 0.9868368568009575