pixel_auc: 0.9887932488762943
img_auc: 0.9836457917830077