pixel_auc: 0.9889204087089403
img_auc: 0.981651376146789