pixel_auc: 0.9890117091499238
img_auc: 0.9744714798564021