pixel_auc: 0.9889893978827203
img_auc: 0.9756681292381333