pixel_auc: 0.9891860262167433
img_auc: 0.9864379736737136