pixel_auc: 0.9885495184814637
img_auc: 0.9828480255285202