pixel_auc: 0.9889165306348677
img_auc: 0.9880335061826885