pixel_auc: 0.9887620909384622
img_auc: 0.9892301555644196