pixel_auc: 0.9889803579192404
img_auc: 0.9852413242919824