pixel_auc: 0.9884949580461705
img_auc: 0.9808536098923016