pixel_auc: 0.9889921580819808
img_auc: 0.9924212205823694