pixel_auc: 0.9890624708394921
img_auc: 0.987235739928201