pixel_auc: 0.9890604780128405
img_auc: 0.9844435580374951