pixel_auc: 0.9888122187773232
img_auc: 0.988831272437176