pixel_auc: 0.9886593430120798
img_auc: 0.9812524930195453