pixel_auc: 0.9890808857989155
img_auc: 0.9804547267650578