pixel_auc: 0.9891505083641153
img_auc: 0.9896290386916634