pixel_auc: 0.9892355799852688
img_auc: 0.978859194256083