pixel_auc: 0.9890350745746509
img_auc: 0.9812524930195452