pixel_auc: 0.9889919489861106
img_auc: 0.9656960510570404