pixel_auc: 0.988982516583959
img_auc: 0.990027921818907