pixel_auc: 0.9883784219281827
img_auc: 0.978859194256083