pixel_auc: 0.9888017157033225
img_auc: 0.9724770642201835