pixel_auc: 0.988703727235231
img_auc: 0.9840446749102514