pixel_auc: 0.9890093812649001
img_auc: 0.9904268049461508