pixel_auc: 0.988826776191641
img_auc: 0.9752692461108895