pixel_auc: 0.9887031159579086
img_auc: 0.9692859992022338