pixel_auc: 0.9889861145916652
img_auc: 0.9828480255285202