pixel_auc: 0.9891016105933689
img_auc: 0.9868368568009573