pixel_auc: 0.9890844753839989
img_auc: 0.9884323893099323