pixel_auc: 0.9890304171064176
img_auc: 0.9900279218189071