pixel_auc: 0.9887587368676924
img_auc: 0.981651376146789