pixel_auc: 0.9887922840949132
img_auc: 0.9836457917830077