pixel_auc: 0.9886424759570454
img_auc: 0.9844435580374951