pixel_auc: 0.9890369427118509
img_auc: 0.9880335061826885