pixel_auc: 0.9886200584837616
img_auc: 0.9740725967291584