pixel_auc: 0.989172767362062
img_auc: 0.9852413242919825