pixel_auc: 0.9889368143167876
img_auc: 0.9924212205823694