pixel_auc: 0.9889081292186028
img_auc: 0.9836457917830077