pixel_auc: 0.9885531005059705
img_auc: 0.9776625448743518