pixel_auc: 0.9890663150381781
img_auc: 0.9764658954926206