pixel_auc: 0.9890289933108946
img_auc: 0.9868368568009573