pixel_auc: 0.9889399854133618
img_auc: 0.984443558037495