pixel_auc: 0.988779598335465
img_auc: 0.9808536098923015