pixel_auc: 0.9887303601232638
img_auc: 0.9844435580374951