pixel_auc: 0.9887222607720512
img_auc: 0.9820502592740328