pixel_auc: 0.9887416805474035
img_auc: 0.981651376146789