pixel_auc: 0.9889759707887242
img_auc: 0.9836457917830076