pixel_auc: 0.9890090122263293
img_auc: 0.9792580773833267