pixel_auc: 0.9891706241364651
img_auc: 0.9800558436378142