pixel_auc: 0.988997097943635
img_auc: 0.9908256880733946