pixel_auc: 0.9883638011098338
img_auc: 0.9836457917830076