pixel_auc: 0.9889324213344793
img_auc: 0.9928201037096132