pixel_auc: 0.9889489045571799
img_auc: 0.9936178699641005