pixel_auc: 0.9885612248141518
img_auc: 0.9848424411647387