pixel_auc: 0.9885658131502163
img_auc: 0.9824491424012765