pixel_auc: 0.9885873396672618
img_auc: 0.9864379736737137