pixel_auc: 0.988804280777293
img_auc: 0.9824491424012765