pixel_auc: 0.9890457419333847
img_auc: 0.9880335061826885